"estatura","peso"
65.6,174
71.8,175.3
80.7,193.5
72.6,186.5
78.8,187.2
74.8,181.5
86.4,184
78.4,184.5
62,175
81.6,184
76.6,180
83.6,177.8
90,192
74.6,176
71,174
79.6,184
93.8,192.7
70,171.5
72.4,173
85.9,176
78.8,176
77.8,180.5
66.2,172.7
86.4,176
81.8,173.5
89.6,178
82.8,180.3
76.4,180.3
63.2,164.5
60.9,173
74.8,183.5
70,175.5
72.4,188
84.1,189.2
69.1,172.8
59.5,170
67.2,182
61.3,170
68.6,177.8
80.1,184.2
87.8,186.7
84.7,171.4
73.4,172.7
72.1,175.3
82.6,180.3
88.7,182.9
84.1,188
94.1,177.2
74.9,172.1
59.1,167
75.6,169.5
86.2,174
75.3,172.7
87.1,182.2
55.2,164.1
57,163
61.4,171.5
76.8,184.2
86.8,174
72.2,174
71.6,177
84.8,186
68.2,167
66.1,171.8
72,182
64.6,167
74.8,177.8
70,164.5
101.6,192
63.2,175.5
79.1,171.2
78.9,181.6
67.7,167.4
66,181.1
68.2,177
63.9,174.5
72,177.5
56.8,170.5
74.5,182.4
90.9,197.1
93,180.1
80.9,175.5
72.7,180.6
68,184.4
70.9,175.5
72.5,180.6
72.5,177
83.4,177.1
75.5,181.6
73,176.5
70.2,175
73.4,174
70.5,165.1
68.9,177
102.3,192
68.4,176.5
65.9,169.4
75.7,182.1
84.5,179.8
87.7,175.3
86.4,184.9
73.2,177.3
53.9,167.4
72,178.1
55.5,168.9
58.4,157.2
83.2,180.3
72.7,170.2
64.1,177.8
72.3,172.7
65,165.1
86.4,186.7
65,165.1
88.6,174
84.1,175.3
66.8,185.4
75.5,177.8
93.2,180.3
82.7,180.3
58,177.8
79.5,177.8
78.6,177.8
71.8,177.8
116.4,177.8
72.2,163.8
83.6,188
85.5,198.1
90.9,175.3
85.9,166.4
89.1,190.5
75,166.4
77.7,177.8
86.4,179.7
90.9,172.7
73.6,190.5
76.4,185.4
69.1,168.9
84.5,167.6
64.5,175.3
69.1,170.2
108.6,190.5
86.4,177.8
80.9,190.5
87.7,177.8
94.5,184.2
80.2,176.5
72,177.8
71.4,180.3
72.7,171.4
84.1,172.7
76.8,172.7
63.6,177.8
80.9,177.8
80.9,182.9
85.5,170.2
68.6,167.6
67.7,175.3
66.4,165.1
102.3,185.4
70.5,181.6
95.9,172.7
84.1,190.5
87.3,179.1
71.8,175.3
65.9,170.2
95.9,193
91.4,171.4
81.8,177.8
96.8,177.8
69.1,167.6
82.7,167.6
75.5,180.3
79.5,182.9
73.6,176.5
91.8,186.7
84.1,188
85.9,188
81.8,177.8
82.5,174
80.5,177.8
70,171.4
81.8,185.4
84.1,185.4
90.5,188
91.4,188
89.1,182.9
85,176.5
69.1,175.3
73.6,175.3
80.5,188
82.7,188
86.4,175.3
67.7,170.5
92.7,179.1
93.6,177.8
70.9,175.3
75,182.9
93.2,170.8
93.2,188
77.7,180.3
61.4,177.8
94.1,185.4
75,168.9
83.6,185.4
85.5,180.3
73.9,174
66.8,167.6
87.3,182.9
72.3,160
88.6,180.3
75.5,167.6
101.4,186.7
91.1,175.3
67.3,175.3
77.7,175.9
81.8,175.3
75.5,179.1
84.5,181.6
76.6,177.8
85,182.9
102.5,177.8
77.3,184.2
71.8,179.1
87.9,176.5
94.3,188
70.9,174
64.5,167.6
77.3,170.2
72.3,167.6
87.3,188
80,174
82.3,176.5
73.6,180.3
74.1,167.6
85.9,188
73.2,180.3
76.3,167.6
65.9,183
90.9,183
89.1,179.1
62.3,170.2
82.7,177.8
79.1,179.1
98.2,190.5
84.1,177.8
83.2,180.3
83.2,180.3
51.6,161.2
59,167.5
49.2,159.5
63,157
53.6,155.8
59,170
47.6,159.1
69.8,166
66.8,176.2
75.2,160.2
55.2,172.5
54.2,170.9
62.5,172.9
42,153.4
50,160
49.8,147.2
49.2,168.2
73.2,175
47.8,157
68.8,167.6
50.6,159.5
82.5,175
57.2,166.8
87.8,176.5
72.8,170.2
54.5,174
59.8,173
67.3,179.9
67.8,170.5
47,160
46.2,154.4
55,162
83,176.5
54.4,160
45.8,152
53.6,162.1
73.2,170
52.1,160.2
67.9,161.3
56.6,166.4
62.3,168.9
58.5,163.8
54.5,167.6
50.2,160
60.3,161.3
58.3,167.6
56.2,165.1
50.2,160
72.9,170
59.8,157.5
61,167.6
69.1,160.7
55.9,163.2
46.5,152.4
54.3,157.5
54.8,168.3
60.7,180.3
60,165.5
62,165
60.3,164.5
52.7,156
74.3,160
62,163
73.1,165.7
80,161
54.7,162
53.2,166
75.7,174
61.1,172.7
55.7,167.6
48.7,151.1
52.3,164.5
50,163.5
59.3,152
62.5,169
55.7,164
54.8,161.2
45.9,155
70.6,170
67.2,176.2
69.4,170
58.2,162.5
64.8,170.3
71.6,164.1
52.8,169.5
59.8,163.2
49,154.5
50,159.8
69.2,173.2
55.9,170
63.4,161.4
58.2,169
58.6,166.2
45.7,159.4
52.2,162.5
48.6,159
57.8,162.8
55.6,159
66.8,179.8
59.4,162.9
53.6,161
73.2,151.1
53.4,168.2
69,168.9
58.4,173.2
56.2,171.8
70.6,178
59.8,164.3
72,163
65.2,168.5
56.6,166.8
105.2,172.7
51.8,163.5
63.4,169.4
59,167.8
47.6,159.5
63,167.6
55.2,161.2
45,160
54,163.2
50.2,162.2
60.2,161.3
44.8,149.5
58.8,157.5
56.4,163.2
62,172.7
49.2,155
67.2,156.5
53.8,164
54.4,160.9
58,162.8
59.8,167
54.8,160
43.2,160
60.5,168.9
46.4,158.2
64.4,156
48.8,160
62.2,167.1
55.5,158
57.8,167.6
54.6,156
59.2,162.1
52.7,173.4
53.2,159.8
64.5,170.5
51.8,159.2
56,157.5
63.6,161.3
63.2,162.6
59.5,160
56.8,168.9
64.1,165.1
50,162.6
72.3,165.1
55,166.4
55.9,160
60.4,152.4
69.1,170.2
84.5,162.6
55.9,170.2
55.5,158.8
69.5,172.7
76.4,167.6
61.4,162.6
65.9,167.6
58.6,156.2
66.8,175.2
56.6,172.1
58.6,162.6
55.9,160
59.1,165.1
81.8,182.9
70.7,166.4
56.8,165.1
60,177.8
58.2,165.1
72.7,175.3
54.1,154.9
49.1,158.8
75.9,172.7
55,168.9
57.3,161.3
55,167.6
65.5,165.1
65.5,175.3
48.6,157.5
58.6,163.8
63.6,167.6
55.2,165.1
62.7,165.1
56.6,168.9
53.9,162.6
63.2,164.5
73.6,176.5
62,168.9
63.6,175.3
53.2,159.4
53.4,160
55,170.2
70.5,162.6
54.5,167.6
54.5,162.6
55.9,160.7
59,160
63.6,157.5
54.5,162.6
47.3,152.4
67.7,170.2
80.9,165.1
70.5,172.7
60.9,165.1
63.6,170.2
54.5,170.2
59.1,170.2
70.5,161.3
52.7,167.6
62.7,167.6
86.3,165.1
66.4,162.6
67.3,152.4
63,168.9
73.6,170.2
62.3,175.2
57.7,175.2
55.4,160
104.1,165.1
55.5,174
77.3,170.2
80.5,160
64.5,167.6
72.3,167.6
61.4,167.6
58.2,154.9
81.8,162.6
63.6,175.3
53.4,171.4
54.5,157.5
53.6,165.1
60,160
73.6,174
61.4,162.6
55.5,174
63.6,162.6
60.9,161.3
60,156.2
46.8,149.9
57.3,169.5
64.1,160
63.6,175.3
67.3,169.5
75.5,160
68.2,172.7
61.4,162.6
76.8,157.5
71.8,176.5
55.5,164.4
48.6,160.7
66.4,174
67.3,163.8
